1733419796989 1.268645167350769 0
1733419796992 0.8730765581130981 1
1733419796996 0.6832818984985352 2
1733419796998 0.5516616702079773 3
1733419797001 0.4496084153652191 4
1733419797004 0.370728462934494 5
1733419797007 0.31531843543052673 6
1733419797009 0.27167120575904846 7
1733419797012 0.21536636352539062 8
1733419797014 0.20982809364795685 9
1733419797017 0.18915021419525146 10
1733419797019 0.16194787621498108 11
1733419797022 0.09519670903682709 12
1733419797024 0.06870191544294357 13
1733419797027 0.06690027564764023 14
1733419797029 0.06555633246898651 15
1733419797032 0.06560879945755005 16
1733419797034 0.043447308242321014 17
1733419797037 0.040445104241371155 18
1733419797039 0.029225612059235573 19
1733419797042 0.029076680541038513 20
1733419797044 0.02589821256697178 21
1733419797047 0.022245585918426514 22
1733419797049 0.020647771656513214 23
1733419797052 0.019121695309877396 24
1733419797054 0.020783955231308937 25
1733419797057 0.018136484548449516 26
1733419797059 0.017177272588014603 27
1733419797063 0.017031442373991013 28
1733419797066 0.014111756347119808 29
1733419797069 0.011652226559817791 30
