1733419796988 0.5306683778762817 0
1733419796991 0.6764848828315735 1
1733419796994 0.7533581256866455 2
1733419796997 0.8019096851348877 3
1733419797000 0.8359767198562622 4
1733419797003 0.8667259812355042 5
1733419797006 0.8880887031555176 6
1733419797008 0.9013594388961792 7
1733419797011 0.9233694672584534 8
1733419797013 0.9248260259628296 9
1733419797016 0.9331607222557068 10
1733419797018 0.9418190717697144 11
1733419797020 0.9698171019554138 12
1733419797023 0.9780709147453308 13
1733419797026 0.9783945679664612 14
1733419797028 0.9785563945770264 15
1733419797031 0.9779090285301208 16
1733419797033 0.9861627817153931 17
1733419797036 0.9866483211517334 18
1733419797038 0.9912607073783875 19
1733419797041 0.9906133413314819 20
1733419797043 0.9917462468147278 21
1733419797046 0.9925554394721985 22
1733419797048 0.9936074018478394 23
1733419797051 0.9937692284584045 24
1733419797053 0.9936882853507996 25
1733419797055 0.9944165945053101 26
1733419797058 0.9946593046188354 27
1733419797061 0.9943356513977051 28
1733419797065 0.9961968064308167 29
1733419797068 0.996520459651947 30
